              precision    recall  f1-score   support

           0       0.65      0.74      0.69       199
           1       0.99      1.00      1.00       147
           2       0.85      0.98      0.91       171
           3       0.87      0.97      0.92       182
           4       0.85      0.99      0.91       205
           5       1.00      1.00      1.00       138
           6       0.80      0.15      0.25        53
           7       1.00      1.00      1.00       147
           8       0.99      0.88      0.93       185
           9       0.00      0.00      0.00        28
          10       1.00      0.96      0.98       147
          11       0.56      0.67      0.61        33
          12       1.00      0.98      0.99       169
          13       0.87      0.82      0.85       219
          14       1.00      1.00      1.00       135
          15       0.48      0.54      0.51        26
          16       0.77      0.56      0.65        64
          17       1.00      1.00      1.00       147
          18       1.00      1.00      1.00       147
          19       0.97      0.98      0.97       183
          20       0.99      1.00      0.99       138
          21       0.49      0.93      0.64        27
          22       0.99      1.00      1.00       147
          23       0.97      0.96      0.96       167
          24       0.99      1.00      0.99       150
          25       0.84      0.62      0.71        26
          26       0.90      0.89      0.90       104
          27       1.00      1.00      1.00       147
          28       0.93      0.93      0.93       177
          29       1.00      1.00      1.00       150
          30       0.99      0.79      0.88       199
          31       1.00      1.00      1.00       139
          32       1.00      1.00      1.00       147
          33       0.35      0.26      0.30        23
          34       1.00      1.00      1.00       147
          35       0.99      0.98      0.98       164
          36       1.00      1.00      1.00       141
          37       1.00      1.00      1.00       147
          38       1.00      0.88      0.94       164
          39       0.42      0.73      0.54        26
          40       1.00      1.00      1.00       147
          41       1.00      1.00      1.00       147
          42       1.00      1.00      1.00       147
          43       0.77      0.94      0.85       168
          44       0.99      1.00      0.99        90
          45       0.99      1.00      1.00       147
          46       0.99      1.00      0.99       150
          47       0.99      1.00      0.99       147
          48       0.70      0.74      0.72        57
          49       0.92      1.00      0.96       147
          50       1.00      0.61      0.76       144
          51       1.00      1.00      1.00       150
          52       1.00      0.99      1.00       150
          53       0.98      0.89      0.93       168
          54       1.00      0.92      0.96       158
          55       0.98      1.00      0.99       147
          56       1.00      1.00      1.00       147
          57       0.70      0.57      0.63        28
          58       0.74      0.93      0.82       216
          59       0.98      0.81      0.89       172
          60       1.00      1.00      1.00       147
          61       0.91      0.74      0.81       174
          62       1.00      1.00      1.00       147
          63       1.00      0.95      0.97       147
          64       0.97      0.99      0.98       168
          65       0.99      1.00      1.00       147
          66       0.90      0.86      0.88       225
          67       0.80      0.91      0.85       222
          68       0.79      0.86      0.82       207
          69       0.73      0.96      0.83       206
          70       0.95      0.81      0.88       210
          71       0.00      0.00      0.00        21
          72       0.98      0.89      0.93       214
          73       0.99      0.84      0.91       190
          74       0.94      0.90      0.92       198
          75       0.89      0.94      0.91       223
          76       0.71      0.68      0.69        25
          77       0.31      0.88      0.46        32
          78       0.77      0.95      0.85       204
          79       0.99      1.00      1.00       147
          80       0.89      0.88      0.88       212
          81       0.81      0.85      0.83       176
          82       1.00      0.31      0.47        29
          83       1.00      1.00      1.00       150
          84       0.98      0.85      0.91       207

    accuracy                           0.92     12110
   macro avg       0.88      0.87      0.86     12110
weighted avg       0.93      0.92      0.92     12110