              precision    recall  f1-score   support

           0       0.96      0.91      0.94       199
           1       1.00      1.00      1.00       147
           2       0.96      0.96      0.96       171
           3       0.97      0.98      0.97       180
           4       0.94      0.99      0.97       172
           5       1.00      1.00      1.00       138
           6       0.75      0.89      0.81        44
           7       1.00      1.00      1.00       147
           8       0.91      0.98      0.94       185
           9       1.00      1.00      1.00       147
          10       0.94      0.94      0.94        33
          11       0.99      0.99      0.99       169
          12       0.93      0.91      0.92       219
          13       1.00      1.00      1.00       135
          14       0.65      0.65      0.65        26
          15       0.89      0.80      0.84        64
          16       1.00      1.00      1.00       147
          17       1.00      1.00      1.00       147
          18       0.99      0.99      0.99       183
          19       0.99      1.00      0.99       138
          20       0.89      0.59      0.71        27
          21       1.00      1.00      1.00       147
          22       1.00      0.91      0.95       167
          23       1.00      1.00      1.00       150
          24       0.86      0.96      0.91        26
          25       0.94      0.99      0.96       104
          26       1.00      1.00      1.00       147
          27       0.99      0.98      0.98       177
          28       1.00      1.00      1.00       150
          29       0.90      0.95      0.92       199
          30       1.00      1.00      1.00       139
          31       1.00      1.00      1.00       147
          32       0.57      0.57      0.57        23
          33       1.00      1.00      1.00       147
          34       0.99      0.98      0.98       164
          35       1.00      1.00      1.00       141
          36       1.00      1.00      1.00       147
          37       0.96      0.96      0.96       164
          38       0.62      0.58      0.60        26
          39       1.00      1.00      1.00       147
          40       1.00      1.00      1.00       147
          41       1.00      1.00      1.00       147
          42       0.99      0.90      0.94       168
          43       1.00      1.00      1.00        90
          44       1.00      1.00      1.00       147
          45       1.00      1.00      1.00       150
          46       1.00      1.00      1.00       147
          47       0.85      0.89      0.87        56
          48       1.00      1.00      1.00       147
          49       1.00      1.00      1.00       144
          50       1.00      1.00      1.00       150
          51       1.00      0.99      1.00       150
          52       1.00      0.99      0.99       168
          53       0.99      0.93      0.96       158
          54       1.00      1.00      1.00       147
          55       1.00      1.00      1.00       147
          56       0.82      0.58      0.68        24
          57       0.90      0.96      0.93       216
          58       0.99      0.95      0.97       172
          59       1.00      1.00      1.00       147
          60       0.99      0.93      0.96       174
          61       1.00      1.00      1.00       147
          62       1.00      1.00      1.00       147
          63       0.99      0.99      0.99       168
          64       1.00      1.00      1.00       147
          65       0.90      0.93      0.91       225
          66       0.98      0.97      0.98       222
          67       0.98      0.89      0.93       207
          68       0.98      0.91      0.95       206
          69       0.87      0.98      0.92       210
          70       0.92      0.61      0.73        18
          71       0.93      0.99      0.96       214
          72       0.99      0.96      0.98       190
          73       0.97      0.94      0.96       198
          74       0.94      0.95      0.95       223
          75       0.66      0.88      0.75        24
          76       0.54      0.69      0.60        32
          77       0.95      0.96      0.95       204
          78       1.00      1.00      1.00       147
          79       0.92      0.94      0.93       212
          80       0.92      0.98      0.95       176
          81       0.79      1.00      0.89        27
          82       1.00      1.00      1.00       150
          83       0.96      0.93      0.95       207

    accuracy                           0.97     12027
   macro avg       0.94      0.94      0.94     12027
weighted avg       0.97      0.97      0.97     12027